structure(c(-2.63982316699785e-49, 0, 0, 0, 0, 0, 0, 0, 0, 0, 
0, 0, 0, 0, 0, 0, 0, 0, 0, 0, 0, 0, 0, 0, 0, 0, 0, 0, -2.92065557145374e-50, 
7.95680283549528e-16, 2.45275133653289e-16, -4.82635957012533e-16, 
-4.96978118927355e-16, -5.93824787778662e-17, 2.57200114926801e-16, 
5.23608608178438e-16, 0, 0, 0, 0, 0, 0, 0, 0, 0, 0, 0, 0, 0, 
0, 0, 0, 3.85373838336381e-16, 0, 1.94926735448577e-19, 2.11963902790569e-16, 
3.11290339244753e-50, 2.45275133628308e-16, 5.29460112805674e-16, 
-6.02503799191948e-16, -2.76076926255667e-16, -1.49092692658853e-16, 
-2.30742745909277e-16, 6.77083429461129e-16, 0, 0, 0, 0, 0, 0, 
0, 0, -4.65425569282871e-38, 6.70748934525133e-21, -4.12405790211937e-20, 
5.49175690142452e-20, 4.11881767606839e-20, 0, 0, -4.12929812817035e-20, 
3.1929771891166e-16, 1.45445490400897e-39, -5.44145073133514e-19, 
-8.79100322312002e-19, 3.49622255687449e-50, -4.82635956997612e-16, 
-6.02503799214762e-16, 6.03330447991626e-16, 3.96271205489653e-19, 
2.1852285839293e-16, -4.82106910982337e-16, -4.35851370863456e-16, 
1.30057994979444e-81, 0, 4.72068718598367e-42, -2.95042949123979e-42, 
-1.18017179649592e-42, 0, -1.18017179649592e-42, 4.72068718598367e-42, 
-2.19279167621725e-34, 2.39031660382685e-17, -1.79966596831911e-16, 
2.01086959924357e-16, 2.09388214233341e-16, 1.42651809902855e-17, 
1.14903786396697e-19, -1.79788504671127e-16, -2.42130667418309e-16, 
8.32623476214553e-36, -1.17567438165307e-15, -3.0339998649847e-18, 
4.44573502401873e-50, -4.96978118914457e-16, -2.76076926238926e-16, 
3.96271194377358e-19, 1.15542325942793e-15, -3.4388543151815e-16, 
-4.85706794667545e-16, 2.75226599754567e-17, 0, 0, 0, 0, 0, 0, 
0, 0, -5.58891886726475e-36, 8.1305945760593e-19, 4.90690124429668e-17, 
-4.65078073274733e-17, -7.63192401193069e-17, -6.15465436117122e-19, 
0, 4.89596838668132e-17, 6.44407699373817e-16, 8.73268573010117e-38, 
-3.91420041042284e-19, -2.11153251813139e-16, -1.55234841707824e-50, 
-5.93824787676033e-17, -1.49092692677689e-16, 2.18522858393164e-16, 
-3.43885431507535e-16, 2.52095635592431e-16, 1.3161792452347e-16, 
-3.00000172624585e-16, 0, 0, 0, 0, 0, 0, 0, 0, -1.08240816021574e-38, 
1.58428822077838e-21, 2.61243034190121e-19, -5.23643817464657e-19, 
-6.64133622150296e-19, -1.19430958181755e-21, 0, 2.62260634701159e-19, 
3.42107132598233e-16, 1.6912627503371e-40, -3.29974916908432e-16, 
4.64199958495815e-16, 1.94900709023882e-50, 2.57200114933859e-16, 
-2.30742745919532e-16, -4.82106910987815e-16, -4.85706794683528e-16, 
1.31617924527708e-16, -3.23865654622618e-17, 3.04928535011119e-16, 
1.40467729621875e-81, 0, 5.09852709458582e-42, -3.18657943411614e-42, 
-1.27463177364645e-42, 0, -1.27463177364645e-42, 5.09852709458582e-42, 
0, 0, 0, 0, 0, 1.25652435887509e-19, -3.76204897866794e-22, 0, 
-6.55441062446028e-16, 0, 6.38436076593007e-16, 1.02325672497952e-15, 
-2.81051851204309e-50, 5.23608608150606e-16, 6.77083429485678e-16, 
-4.35851370857863e-16, 2.7522659965586e-17, -3.00000172622195e-16, 
3.04928535005614e-16, 5.07003911201579e-16, 9.8758982162896e-80, 
0, 3.60261072128419e-40, -2.24893513589148e-40, -9.00652680321049e-41, 
0, -8.95259550498767e-41, 3.60261072128419e-40, 2.4496772649456e-34, 
-2.90173281667601e-17, 1.54068840262782e-16, -2.49561075919803e-16, 
-1.34989017846576e-16, 2.53203406046274e-17, -5.21802420908649e-20, 
1.60940301643487e-16, 6.08006146887e-17, -3.80480563007732e-36, 
2.4988825648371e-15, 5.63955659926204e-16, 0, 0, 0, 0, 0, 0, 
0, 0, -6.23031638816012e-65, 0, 0, 0, 0, 0, 0, 0, 0, 0, 0, 0, 
0, 0, 0, 0, 0, 0, 0, 0, 0, 0, 0, 0, 0, 0, 0, 0, -1.42570482618787e-65, 
-6.29325359333253e-25, -4.18764792250146e-25, -6.91654501912619e-26, 
-2.8738350856754e-25, 4.762728240055e-25, 5.89670662251255e-26, 
-4.45563763037692e-25, 0, 0, 0, 0, 0, 0, 0, 0, 0, -7.66719680815267e-25, 
0, 0, 0, 0, 0, 0, 0, 0, 0, 0, -2.94501566905292e-65, -4.187647922606e-25, 
-4.75757025001693e-25, -2.09272479852022e-26, -1.6709543420856e-25, 
3.5518017071301e-25, 1.07814392011089e-25, -3.44378888624944e-25, 
0, 0, 0, 0, 0, 0, 0, 0, 0, -6.06126430264503e-25, 0, 0, 0, 0, 
0, 0, 0, 0, 0, 0, 3.08580775926167e-66, -6.91654501934051e-26, 
-2.09272479876169e-26, -1.45479976599665e-25, -3.21441121319554e-26, 
2.12030836926522e-25, -7.59504252246671e-26, -5.18999791333058e-26, 
0, 0, 0, 0, 0, 0, 0, 0, 0, -6.9041332533622e-26, 0, 0, 0, 0, 
0, 0, 0, 0, 0, 0, 1.60144649692268e-65, -2.87383508566618e-25, 
-1.67095434201221e-25, -3.21441121333288e-26, -1.96293338440765e-25, 
2.01713927833514e-25, 5.55680351963389e-26, -1.62688651080869e-25, 
0, 0, 0, 0, 0, 0, 0, 0, 0, -3.17560677956244e-25, 0, 0, 0, 0, 
0, 0, 0, 0, 0, 0, 3.58927460141347e-65, 4.7627282401542e-25, 
3.55180170715386e-25, 2.12030836928696e-25, 2.01713927835951e-25, 
-5.87479791794724e-25, 3.45828769458963e-26, 3.85262656953114e-25, 
0, 0, 0, 0, 0, 0, 0, 0, 0, 7.23137457718422e-25, 0, 0, 0, 0, 
0, 0, 0, 0, 0, 0, -2.63380657419437e-65, 5.89670662226992e-26, 
1.07814392007442e-25, -7.59504252215318e-26, 5.55680351955828e-26, 
3.45828769426018e-26, -1.40047649203358e-25, 6.33299145153773e-26, 
0, 0, 0, 0, 0, 0, 0, 0, 0, 1.35972889967054e-25, 0, 0, 0, 0, 
0, 0, 0, 0, 0, 0, -4.16326086992054e-65, -4.45563763044745e-25, 
-3.44378888626544e-25, -5.18999791332042e-26, -1.62688651084235e-25, 
3.85262656954072e-25, 6.33299145138887e-26, -3.92464057322117e-25, 
0, 0, 0, 0, 0, 0, 0, 0, 0, -7.74162314386179e-25, 0, 0, 0, 0, 
0, 0, 0, 0, 0, 0, 0, 0, 0, 0, 0, 0, 0, 0, 2.06635733594676e-21, 
0, 0, 0, 0, 0, 0, 0, 0, 0, 0, 0, -3.67060139284941e-51, 4.43077886378308e-18, 
-2.32441733081976e-17, 3.98024573006687e-17, 2.01225621158483e-17, 
-2.77556048143055e-18, 7.22823589543627e-19, -2.26445401919359e-17, 
-6.05328021759452e-68, 3.01999584848594e-29, -1.98291918977674e-29, 
-5.84632753187786e-29, -8.08900316741903e-29, 3.3607842343259e-28, 
-2.6807104464319e-28, -1.66446286830737e-28, -7.40283301167283e-22, 
0.000829412589327059, -5.32738045314316e-05, 0.000567219433308532, 
-0.000385810450162062, -1.59255742349452e-05, 0.000384904029217933, 
5.41390070574574e-06, 4.85594825702039e-17, 2.8663077785507e-25, 
-9.38673854631884e-05, -0.000244321018644824, 1.89651440399583e-50, 
-2.3244173307784e-17, 1.28054452730993e-16, -2.18157106185831e-16, 
-1.07491018636274e-16, 1.56245005400322e-17, -2.4764276535863e-18, 
1.22832306533311e-16, 4.04000007997711e-68, -1.98291919472193e-29, 
1.3587393413604e-29, 4.01141422425551e-29, 5.40106081039006e-29, 
-2.26941901585354e-28, 1.79135324508535e-28, 1.13124657226674e-28, 
1.58759441332365e-21, -5.32738045102777e-05, 0.00117235274335506, 
-0.00106442750242953, -0.000785227795057039, 0.000570978397295495, 
-0.000368171877454658, 0.000303387573849217, -2.53368360610081e-16, 
-1.58306890030593e-25, -0.000518789285473743, 4.45043527212044e-05, 
-3.24488004090978e-50, 3.9802457302088e-17, -2.18157106188441e-16, 
3.72208302580644e-16, 1.83608361105053e-16, -2.65570197958369e-17, 
4.8721897023641e-18, -2.09908784601358e-16, 1.192143175908e-67, 
-5.84632752825596e-29, 4.01141419142387e-29, 1.18466917830888e-28, 
1.59378092859763e-28, -6.69815063762045e-28, 5.28476823671711e-28, 
3.33965080610447e-28, -3.71164901252422e-21, 0.000567219433324983, 
-0.00106442750235153, 0.00324880066987059, 0.00161946798566176, 
0.000162503294176415, -0.000365518783443598, -0.00201982340695161, 
-1.14694458307034e-16, 1.41466775882009e-24, 6.23341199028445e-05, 
-0.00280039336324271, -1.66189770414657e-50, 2.0122562115871e-17, 
-1.07491018634747e-16, 1.83608361098497e-16, 9.20761573209518e-17, 
-1.29486549240531e-17, 2.74410701424397e-18, -1.04024615459272e-16, 
1.63233929405749e-67, -8.08900317607972e-29, 5.40106083500383e-29, 
1.59378092707925e-28, 2.18166392341089e-28, -9.10294755376966e-28, 
7.23005724405485e-28, 4.52007756517376e-28, -4.98630027223593e-21, 
-0.00038581045018485, -0.000785227795287651, 0.00161946798565899, 
0.00482972034696569, 7.06970969808372e-05, -0.000266663550817098, 
-0.00237513895352396, -4.1646941455853e-16, 1.6972393828507e-24, 
-0.000429018637851097, -0.00378208865939037, 2.25211745338967e-51, 
-2.77556048165241e-18, 1.56245005406118e-17, -2.65570197953699e-17, 
-1.29486549242943e-17, 1.93046353630451e-18, -2.09097793670893e-19, 
1.48764348932917e-17, -6.81009889524765e-67, 3.36078423264802e-28, 
-2.26941901131919e-28, -6.69815063834053e-28, -9.10294755341615e-28, 
3.80979734961703e-27, -3.01781079029314e-27, -1.8949483910462e-27, 
-7.6061985557814e-23, -1.59255742459297e-05, 0.000570978397360198, 
0.000162503294168593, 7.06970969843421e-05, 0.000811193618206045, 
-0.000645517644693512, -0.000705055004584277, -3.5787906564132e-16, 
3.32966358503276e-25, -0.000621301648558482, -0.00165266506146091, 
-5.69676585296028e-52, 7.22823589748494e-19, -2.4764276544096e-18, 
4.87218970320779e-18, 2.74410701468458e-18, -2.09097793791837e-19, 
8.53629222067735e-19, -3.1869245730499e-18, 5.40953725458887e-67, 
-2.68071044663043e-28, 1.79135323506888e-28, 5.28476823749321e-28, 
7.23005724404364e-28, -3.01781079061429e-27, 2.39673291712096e-27, 
1.49862157085059e-27, 2.09147085900415e-23, 0.000384904029242359, 
-0.000368171877664128, -0.000365518783426654, -0.000266663550837037, 
-0.000645517644714479, 0.00124978602001864, 0.000650877201294061, 
3.10388250428521e-16, -4.32141916693131e-25, 0.000307028471664847, 
0.00107393335938829, 1.8497163344636e-50, -2.2644540192135e-17, 
1.22832306532643e-16, -2.09908784598059e-16, -1.04024615460942e-16, 
1.48764348933115e-17, -3.18692457258251e-18, 1.18688055799615e-16, 
3.38133329046069e-67, -1.66446286626494e-28, 1.13124657952351e-28, 
3.33965080594871e-28, 4.52007756745836e-28, -1.89494839102635e-27, 
1.49862157077205e-27, 9.43450175342057e-28, 3.168291522247e-21, 
5.41390072571613e-06, 0.000303387573858572, -0.00201982340690532, 
-0.0023751389534943, -0.000705055004577492, 0.000650877201272683, 
0.00224136584392782, 4.6103295321691e-16, -1.3394482229325e-24, 
0.000553060469444246, 0.00378575616461027, -2.63982316700879e-49, 
3.85373838334034e-16, 3.19297719068839e-16, -2.42130667424112e-16, 
6.44407699345134e-16, 3.42107132597171e-16, -6.55441062428603e-16, 
6.08006146801149e-17, 2.50498175145126e-76, 1.81855932419127e-37, 
1.5017017528732e-37, -2.06545736342904e-37, -1.26351743560021e-37, 
-5.29672192348378e-37, -4.254488624658e-37, 1.57969788967006e-36, 
7.41130891639268e-34, 4.17542616256013e-17, -4.25602514187612e-16, 
-2.76708649664427e-16, -1.17094100911165e-15, -5.31418880440385e-16, 
2.47638089147502e-16, 6.04858335058844e-16, -2.38434206940119e-14, 
1.67793117396811e-34, 1.04794041371312e-12, 1.74366351889159e-12, 
0, 0, 0, 0, 0, 0, 0, 0, -6.23031638813754e-65, -7.66719680785132e-25, 
-6.06126430260984e-25, -6.90413325331595e-26, -3.17560677973532e-25, 
7.23137457731394e-25, 1.35972890003492e-25, -7.7416231440972e-25, 
0, 0, 0, 0, 0, 0, 0, 0, 0, -1.77354576698693e-23, 0, 0, 1.54485077173009e-50, 
8.20576103120138e-17, 8.77898008371819e-16, 3.45743681642246e-16, 
5.02230414091198e-16, 1.79796627055791e-16, -5.0503894627729e-16, 
-1.1951223136419e-16, 4.01230543430066e-64, -3.12282048501168e-26, 
-1.30859922076629e-26, -5.02799993564944e-25, -3.50013281179295e-25, 
-9.21603755291356e-25, -7.5002053977447e-25, 2.60585124191374e-24, 
1.69640697991895e-21, -9.38673854351853e-05, -0.000518789285792537, 
6.23341199743226e-05, -0.000429018637746357, -0.000621301648549059, 
0.000307028471656308, 0.000553060469459007, 2.30966770650421e-13, 
3.82152893715049e-22, 0.761930342174422, 0.662255433230608, 2.66533257653934e-49, 
-3.10062966422935e-16, 9.86875458854526e-16, -1.5846619850092e-15, 
-7.29362903938452e-16, -9.67163899442617e-16, -5.87497560236428e-16, 
1.96947643718243e-15, 6.93812360974304e-64, 1.10074253998543e-24, 
8.87411471658425e-25, -6.49207800723461e-25, -4.90840331616751e-26, 
-2.46177609279387e-24, -1.32611962941166e-24, 5.05939667264153e-24, 
2.95388895495444e-21, -0.000244321018731295, 4.45043526211351e-05, 
-0.00280039336329779, -0.00378208865936192, -0.00165266506146904, 
0.0010739333594083, 0.00378575616464407, 2.63728259553655e-13, 
2.58597441083584e-22, 0.662255433254889, 1.99999999999766), .Dim = c(28L, 
28L))
